1 0 1
2 0 1
3 0 1
4 0 3
5 0 1
6 0 1
7 0 2
8 7 1
9 13 1
10 22 2
11 23 2
12 32 4
13 36 1
14 39 1
15 39 2
16 42 1
17 44 2
18 51 1
19 55 1
20 64 1
21 66 1
22 68 1
23 76 1
24 80 4
25 84 1
26 92 1
27 94 1
28 94 2
29 101 1
30 103 1
31 104 3
32 112 1
33 112 2
34 121 3
35 129 1
36 129 2
37 133 1
38 134 1
39 139 3
40 143 1
41 150 2
42 150 2
43 151 1
44 160 1
45 165 2
46 166 1
47 166 1
48 172 3
49 179 1
50 179 2
51 185 4
52 185 1
53 186 1
54 190 1
55 194 1
56 202 1
57 211 1
58 215 2
59 220 3
60 227 4
61 227 3
62 227 1
63 232 1
64 239 1
65 247 2
66 250 4
67 258 1
-1
